Define CharList
 ( 'A', 'B', 'C', 'D', 'E', 'F', 'G', 'H', 'I', 'J', 'K', 'L', 'M', 'N', 'O', 'P',
   'Q', 'R', 'S', 'T', 'U', 'V', 'W', 'X', 'Y', 'Z', 'a', 'b', 'c', 'd', 'e', 'f',
   'g', 'h', 'i', 'j', 'k', 'l', 'm', 'n', 'o', 'p', 'q', 'r', 's', 't', 'u', 'v',
   'w', 'x', 'y', 'z', '0', '1', '2', '3', '4', '5', '6', '7', '8', '9', '~', '`',
   '!', '@', '#', '$', '%', '^', '&', '*', '(', ')', '-', '_', '=', '+', '[', '{',
   ']', '}', ';', ':',"'", '"', ',', '<', '.', '>', '/', '?', '¡', '¢', '£', '¥',
   '§', '©', '®', '¿', 'À', 'Á', 'Â', 'Ã', 'Ä', 'Å', 'Æ', 'Ç', 'È', 'É', 'Ê', 'Ë',
   'Ì', 'Í', 'Î', 'Ï', 'Ð', 'Ñ', 'Ò', 'Ó', 'Ô', 'Õ', 'Ö', 'Ø', 'Ù', 'Ú', 'Û', 'Ü',
   'Ý', 'ß', 'à', 'á', 'â', 'ã', 'ä', 'å', 'æ', 'ç', 'è', 'é', 'ê', 'ë', 'ì', 'í',
   'î', 'ï', 'ð', 'ñ', 'ò', 'ó', 'ô', 'õ', 'ö', 'ø', 'ù', 'ú', 'û', 'ü', 'ý', 'ÿ');

Define WidthList
 (  17,  17,  17,  17,  17,  17,  17,  17,  17,  17,  17,  17,  17,  17,  17,  17,
    17,  17,  17,  17,  17,  17,  17,  17,  17,  17,  17,  17,  17,  17,  17,  17,
    17,  17,  17,  17,  17,  17,  17,  17,  17,  17,  17,  17,  17,  17,  17,  17,
    17,  17,  17,  17,  17,  17,  17,  17,  17,  17,  17,  17,  17,  17,  17,  17,
    17,  17,  17,  17,  17,  17,  17,  17,  17,  17,  17,  17,  17,  17,  17,  17,
    17,  17,  17,  17,  17,  17,  17,  17,  17,  17,  17,  17,  17,  17,  17,  17,
    17,  17,  17,  17,  17,  17,  17,  17,  17,  17,  17,  17,  17,  17,  17,  17,
    17,  17,  17,  17,  17,  17,  17,  17,  17,  17,  17,  17,  17,  17,  17,  17,
    17,  17,  17,  17,  17,  17,  17,  17,  17,  17,  17,  17,  17,  17,  17,  17,
    17,  17,  17,  17,  17,  17,  17,  17,  17,  17,  17,  17,  17,  17,  17,  17);

Define RectList
 ( (   0,  0, 15, 27), (  16,  0, 15, 27), (  32,  0, 15, 27), (  48,  0, 15, 27),
   (  64,  0, 15, 27), (  80,  0, 15, 27), (  96,  0, 15, 27), ( 112,  0, 15, 27),
   ( 128,  0,  9, 27), ( 138,  0, 15, 27), ( 154,  0, 15, 27), ( 170,  0, 15, 27),
   ( 186,  0, 15, 27), ( 202,  0, 15, 27), ( 218,  0, 15, 27), ( 234,  0, 15, 27),
   ( 250,  0, 15, 27), ( 266,  0, 15, 27), ( 282,  0, 15, 27), ( 298,  0, 15, 27),
   ( 314,  0, 15, 27), ( 330,  0, 15, 27), ( 346,  0, 15, 27), ( 362,  0, 15, 27),
   ( 378,  0, 15, 27), ( 394,  0, 15, 27), ( 410,  0, 15, 27), ( 426,  0, 15, 27),
   ( 442,  0, 15, 27), ( 458,  0, 15, 27), ( 474,  0, 15, 27), ( 490,  0, 15, 27),
   ( 506,  0, 15, 27), ( 522,  0, 15, 27), ( 538,  0,  9, 27), ( 548,  0, 12, 27),
   ( 561,  0, 12, 27), ( 574,  0,  9, 27), ( 584,  0, 15, 27), ( 600,  0, 15, 27),
   ( 616,  0, 15, 27), ( 632,  0, 15, 27), ( 648,  0, 15, 27), ( 664,  0, 15, 27),
   ( 680,  0, 15, 27), ( 696,  0, 15, 27), ( 712,  0, 15, 27), ( 728,  0, 15, 27),
   ( 744,  0, 15, 27), ( 760,  0, 15, 27), ( 776,  0, 15, 27), ( 792,  0, 15, 27),
   ( 808,  0, 15, 27), ( 824,  0,  9, 27), ( 834,  0, 15, 27), ( 850,  0, 15, 27),
   ( 866,  0, 15, 27), ( 882,  0, 15, 27), ( 898,  0, 15, 27), ( 914,  0, 15, 27),
   ( 930,  0, 15, 27), ( 946,  0, 15, 27), ( 962,  0, 16, 27), ( 979,  0,  6, 27),
   ( 986,  0,  3, 27), ( 990,  0, 15, 27), (1006,  0, 15, 27), (1022,  0, 15, 27),
   (1038,  0, 15, 27), (1054,  0, 15, 27), (1070,  0, 15, 27), (1086,  0, 15, 27),
   (1102,  0,  9, 27), (1112,  0,  9, 27), (1122,  0, 15, 27), (1138,  0, 15, 27),
   (1154,  0, 15, 27), (1170,  0, 15, 27), (1186,  0,  9, 27), (1196,  0,  9, 27),
   (1206,  0,  9, 27), (1216,  0,  9, 27), (1226,  0,  6, 27), (1233,  0,  6, 27),
   (1240,  0,  6, 27), (1247,  0,  9, 27), (1257,  0,  6, 27), (1264,  0, 12, 27),
   (1277,  0,  6, 27), (1284,  0, 12, 27), (1297,  0, 15, 27), (1313,  0, 15, 27),
   (1329,  0,  3, 27), (1333,  0, 15, 27), (1349,  0, 15, 27), (1365,  0, 15, 27),
   (1381,  0, 15, 27), (1397,  0, 15, 27), (1413,  0, 15, 27), (1429,  0, 15, 27),
   (1445,  0, 15, 27), (1461,  0, 15, 27), (1477,  0, 15, 27), (1493,  0, 15, 27),
   (1509,  0, 15, 27), (1525,  0, 15, 27), (1541,  0, 15, 27), (1557,  0, 15, 27),
   (1573,  0, 15, 27), (1589,  0, 15, 27), (1605,  0, 15, 27), (1621,  0, 15, 27),
   (1637,  0,  9, 27), (1647,  0,  9, 27), (1657,  0,  9, 27), (1667,  0,  9, 27),
   (1677,  0, 15, 27), (1693,  0, 15, 27), (1709,  0, 15, 27), (1725,  0, 15, 27),
   (1741,  0, 15, 27), (1757,  0, 15, 27), (1773,  0, 15, 27), (1789,  0, 15, 27),
   (1805,  0, 15, 27), (1821,  0, 15, 27), (1837,  0, 15, 27), (1853,  0, 15, 27),
   (1869,  0, 15, 27), (1885,  0, 15, 27), (1901,  0, 15, 27), (1917,  0, 15, 27),
   (1933,  0, 15, 27), (1949,  0, 15, 27), (1965,  0, 15, 27), (1981,  0, 15, 27),
   (1997,  0, 15, 27), (2013,  0, 15, 27), (2029,  0, 15, 27), (2045,  0, 15, 27),
   (2061,  0, 15, 27), (2077,  0, 15, 27), (2093,  0,  9, 27), (2103,  0,  9, 27),
   (2113,  0,  9, 27), (2123,  0,  9, 27), (2133,  0, 15, 27), (2149,  0, 15, 27),
   (2165,  0, 15, 27), (2181,  0, 15, 27), (2197,  0, 15, 27), (2213,  0, 15, 27),
   (2229,  0, 15, 27), (2245,  0, 15, 27), (2261,  0, 15, 27), (2277,  0, 15, 27),
   (2293,  0, 15, 27), (2309,  0, 15, 27), (2325,  0, 15, 27), (2341,  0, 15, 27));

Define OffsetList
 ( ( 1, 0), ( 1, 0), ( 1, 0), ( 1, 0), ( 1, 0), ( 1, 0), ( 1, 0), ( 1, 0),
   ( 4, 0), ( 1, 0), ( 1, 0), ( 1, 0), ( 1, 0), ( 1, 0), ( 1, 0), ( 1, 0),
   ( 1, 0), ( 1, 0), ( 1, 0), ( 1, 0), ( 1, 0), ( 1, 0), ( 1, 0), ( 1, 0),
   ( 1, 0), ( 1, 0), ( 1, 0), ( 1, 0), ( 1, 0), ( 1, 0), ( 1, 0), ( 1, 0),
   ( 1, 0), ( 1, 0), ( 4, 0), ( 1, 0), ( 1, 0), ( 4, 0), ( 1, 0), ( 1, 0),
   ( 1, 0), ( 1, 0), ( 1, 0), ( 1, 0), ( 1, 0), ( 1, 0), ( 1, 0), ( 1, 0),
   ( 1, 0), ( 1, 0), ( 1, 0), ( 1, 0), ( 1, 0), ( 4, 0), ( 1, 0), ( 1, 0),
   ( 1, 0), ( 1, 0), ( 1, 0), ( 1, 0), ( 1, 0), ( 1, 0), ( 0, 0), ( 7, 0),
   ( 7, 0), ( 1, 0), ( 1, 0), ( 1, 0), ( 1, 0), ( 1, 0), ( 1, 0), ( 1, 0),
   ( 4, 0), ( 4, 0), ( 1, 0), ( 1, 0), ( 1, 0), ( 1, 0), ( 4, 0), ( 2, 0),
   ( 4, 0), ( 6, 0), ( 4, 0), ( 4, 0), ( 4, 0), ( 4, 0), ( 4, 0), ( 1, 0),
   ( 4, 0), ( 1, 0), ( 1, 0), ( 1, 0), ( 7, 0), ( 1, 0), ( 1, 0), ( 1, 0),
   ( 1, 0), ( 1, 0), ( 1, 0), ( 1, 0), ( 1, 0), ( 1, 0), ( 1, 0), ( 1, 0),
   ( 1, 0), ( 1, 0), ( 1, 0), ( 1, 0), ( 1, 0), ( 1, 0), ( 1, 0), ( 1, 0),
   ( 4, 0), ( 4, 0), ( 4, 0), ( 4, 0), ( 1, 0), ( 1, 0), ( 1, 0), ( 1, 0),
   ( 1, 0), ( 1, 0), ( 1, 0), ( 1, 0), ( 1, 0), ( 1, 0), ( 1, 0), ( 1, 0),
   ( 1, 0), ( 1, 0), ( 1, 0), ( 1, 0), ( 1, 0), ( 1, 0), ( 1, 0), ( 1, 0),
   ( 1, 0), ( 1, 0), ( 1, 0), ( 1, 0), ( 1, 0), ( 1, 0), ( 4, 0), ( 4, 0),
   ( 4, 0), ( 4, 0), ( 1, 0), ( 1, 0), ( 1, 0), ( 1, 0), ( 1, 0), ( 1, 0),
   ( 1, 0), ( 1, 0), ( 1, 0), ( 1, 0), ( 1, 0), ( 1, 0), ( 1, 0), ( 1, 0));

CreateLayer               Main;
LayerSetImage             Main 'LCDSolid20';
LayerSetAscent            Main 23;
LayerSetCharWidths        Main CharList WidthList;
LayerSetCharWidths        Main (' ') (17);
LayerSetImageMap          Main CharList RectList;
LayerSetCharOffsets       Main CharList OffsetList;
LayerSetAscentPadding     Main 0;
LayerSetLineSpacingOffset Main 0;
LayerSetPointSize         Main 20;

SetDefaultPointSize  20;
